ddd=99.000000
zzzw=44.200000
bbb=22.400000
ccc=22.100000
aaa=12.300000
zzz=5.000000
mmmm=3.000000
