mmmm=3.000000
bbb=22.400000
aaa=12.300000
ccc=22.100000
ddd=99.000000
zzzw=44.200000
zzz=5.000000
